1 1 2
2 2 3
3 3 4
4 4 5
5 5 6
6 6 7
7 7 8
8 8 9
9 9 10
10 10 11
11 11 12
12 12 13
13 13 14
14 14 15
15 15 16
16 16 17
17 17 18
18 18 19
19 19 20
20 20 21
21 21 22
22 22 23
23 24 25
24 25 26
25 26 27
26 27 28
27 28 29
28 29 30
29 30 31
30 31 18
31 18 32
32 32 33
33 33 34
34 34 35
35 35 36
36 36 37
37 37 12
38 12 38
39 38 39
40 39 24
41 40 41
42 41 42
43 42 43
44 43 44
45 44 45
46 45 46
47 46 47
48 47 48
49 48 49
50 49 50
51 50 24
52 24 51
53 51 52
54 52 53
55 53 54
56 54 13
57 13 36
58 36 55
59 55 56
60 56 57
61 57 58
62 58 59
63 59 60
64 61 62
65 62 63
66 63 64
67 64 65
68 65 33
69 33 17
70 17 66
71 66 67
72 67 68
73 68 69
74 69 28
75 28 70
76 70 71
77 71 72
78 72 73
79 73 74
80 74 75
81 75 76
82 76 77
83 77 78
84 78 79
85 79 80
86 81 82
87 82 83
88 83 84
89 84 85
90 85 39
91 39 52
92 52 86
93 86 87
94 87 67
95 67 31
96 31 88
97 88 89
98 89 90
99 90 91
100 91 92
101 92 93
102 93 94
103 94 95
104 95 96
105 96 97
106 97 98
107 98 99
108 99 100
109 100 101
110 101 102
111 102 103
112 103 104
113 105 106
114 106 107
115 107 108
116 108 55
117 55 109
118 109 110
119 110 111
120 111 65
121 65 112
122 112 113
123 113 114
124 114 115
125 115 116
126 116 117
127 117 118
128 118 119
129 119 120
130 120 121
131 121 122
132 122 123
133 124 125
134 125 126
135 126 127
136 127 128
137 128 129
138 129 130
139 130 131
140 131 132
141 132 133
142 133 134
143 134 135
144 135 136
145 136 137
146 137 138
147 138 26
148 26 139
149 139 87
150 140 141
151 141 142
152 142 143
153 143 144
154 144 145
155 145 146
156 146 147
157 147 105
158 105 9
159 9 148
160 148 84
161 84 49
162 149 150
163 150 46
164 46 151
165 151 152
166 152 153
167 153 154
168 154 155
169 155 136
170 136 156
171 156 72
172 72 157
173 157 158
174 158 159
175 159 160
176 160 161
177 161 162
178 162 89
179 89 163
180 163 20
181 20 114
182 114 164
183 164 165
184 165 166
185 166 167
186 167 168
187 168 61
188 61 169
189 169 170
190 170 171
191 171 59
192 59 172
193 172 173
194 173 174
195 174 175
196 175 176
197 176 177
198 177 146
199 146 178
200 178 8
201 8 179
202 179 82
203 82 180
204 180 181
205 181 182
206 182 149
207 24 183
208 183 152
209 152 184
210 184 185
211 185 186
212 186 187
213 187 188
214 188 128
215 128 77
216 77 189
217 189 190
218 190 157
219 157 191
220 191 192
221 192 29
222 193 194
223 194 195
224 195 196
225 196 197
226 197 145
227 145 177
228 57 198
229 198 199
230 199 200
231 200 63
232 63 201
233 201 166
234 166 202
235 202 203
236 203 115
237 115 21
238 21 90
239 90 204
240 204 205
241 205 206
242 206 207
243 207 208
244 208 209
245 209 210
246 210 211
247 211 212
248 212 213
249 213 214
250 215 216
251 216 217
252 217 218
253 218 219
254 219 220
255 220 221
256 221 222
257 222 223
258 223 224
259 224 225
260 225 211
261 211 190
262 190 226
263 226 74
264 74 227
265 227 134
266 134 228
267 228 229
268 229 230
269 42 231
270 231 232
271 232 233
272 233 234
273 234 235
274 235 236
275 236 237
276 237 238
277 238 239
278 23 240
279 240 241
280 241 242
281 242 243
282 243 244
283 244 245
284 245 246
285 246 247
286 247 248
287 248 249
288 249 250
289 251 252
290 252 253
291 253 254
292 254 255
293 255 256
294 256 257
295 257 258
296 258 259
297 259 124
298 124 260
299 260 186
300 61 261
301 261 262
302 262 263
303 263 264
304 264 265
305 265 266
306 266 267
307 267 268
308 268 269
309 269 270
310 270 271
311 271 272
312 272 273
313 140 274
314 274 275
315 275 276
316 276 277
317 277 278
318 278 279
319 279 280
320 280 281
321 281 282
322 282 283
323 29 159
324 159 284
325 284 285
326 60 286
327 286 287
328 287 288
329 288 289
330 289 290
331 290 291
332 291 292
333 292 293
334 293 294
335 294 295
336 295 296
