1 苹果园 75 432 0 1
2 古城 102 457 0 1
3 八角游乐园 138 457 0 1
4 八宝山 168 457 0 1
5 玉泉路 196 457 0 1
6 五棵松 223 457 0 1
7 万寿路 254 457 0 1
8 公主坟 285 457 1 1,9
9 军事博物馆 321 457 1 1,8
10 木樨地 377 457 0 1
11 南礼士路  398 457 0 1
12 复兴门 425 457 1 1,2
13 西单 480 457 1 1,3
14 天安门西 519 457 0 1
15 天安门东 568 457 0 1
16 王府井 587 457 0 1
17 东单 618 457 1 1,4
18 建国门 666 457 1 1,2
19 永安里 700 457 0 1
20 国贸 734 457 1 1,9
21 大望路 777 457 1 1,11
22 四惠 824 457 1 1,14 
23 四惠东 851 457 1 1,14
24 西直门 425 365 1 2,3,10
25 积水潭 472 350 0 2
26 鼓楼大街 544 350 1 2,7
27 安定门 580 350 0 2
28 雍和宫 619 350 1 2,4
29 东直门 666 366 1 2,10,18
30 东四十条 666 394 0 2
31 朝阳门 666 422 1 2,5
32 北京站 666 493 0 2
33 崇文门 619 493 1 2,4
34 前门 543 493 0 2
35 和平门 509 493 0 2
36 宣武门 480 493 1 2,3
37 长椿街 425 493 0 2
38 阜成门 425 430 0 2
39 车公庄 425 404 1 2,5
40 安河桥北 222 194 0 3
41 北宫门 257 194 0 3
42 西苑 292 194 1 3,13
43 圆明园 321 217 0 3
44 北京大学东门 321 240 0 3
45 中关村 321 260 0 3
46 海淀黄庄 321 289 1 3,9
47 人民大学 321 320 0 3
48 魏公村 321 345 0 3
49 国家图书馆 321 365 1 3,8
50 动物园 375 365 0 3
51 新街口 466 365 0 3
52 平安里 480 403 1 3,5
53 西四 480 422 0 3
54 灵境胡同 480 437 0 3
55 菜市口 480 514 1 3,6
56 陶然亭 480 537 0 3
57 北京南站 480 552 1 3,11
58 马家堡 480 587 0 3
59 角门西 480 615 1 3,9
60 公益西桥 480 633 0 3
61 宋家庄 618 615 1 4,9,16
62 刘家窑 618 588 0 4
63 蒲黄榆 618 552 1 4,11
64 天坛东门 618 538 0 4
65 磁器口 618 515 1 4,6
66 灯市口 618 440 0 4
67 东四 618 422 1 4,5
68 张自忠路 618 398 0 4
69 北新桥 618 377 0 4
70 和平里北街 618 333 0 4
71 和平西桥 618 316 0 4
72 惠新西街南口 618 290 1 4,9
73 惠新西街北口 618 270 0 4
74 大屯路东 618 247 1 4,12
75 北苑路北 618 220 0 4
76 立水桥南 618 200 0 4
77 立水桥 618 178 1 4,10
78 天通苑南 618 155 0 4
79 天通苑 618 130 0 4
80 天通苑北 618 107 0 4
81 海淀五路居 222 404 0 5
82 慈寿寺 255 404 1 5,9
83 花园桥 286 404 0 5
84 白石桥南 321 404 1 5,8
85 车公庄西 373 404 0 5
86 北海北 517 404 0 5
87 南锣鼓巷 544 404 1 5,7
88 东大桥 699 422 0 5
89 呼家楼 734 422 1 5,9
90 金台路 777 422 1 5,11
91 十里堡 815 422 0 5
92 青年路 847 422 0 5
93 褡裢坡 888 422 0 5
94 黄渠 918 422 0 5
95 常营 947 422 0 5
96 草房 975 422 0 5
97 物资学院路 1012 422 0 5
98 通州北关 1039 422 0 5
99 通运门 1068 472 0 5
100 北运河西 1089 472 0 5
101 北运河东 1110 472 0 5
102 郝家府 1132 472 0 5
103 东夏园 1152 472 0 5
104 潞城 1180 472 0 5
105 北京西站 321 481 1 6,8
106 湾子 353 515 0 6
107 达官营 391 515 0 6
108 广安门内 434 515 0 6
109 虎坊桥 513 515 0 6
110 珠市口 545 515 0 6
111 桥湾 583 515 0 6
112 广渠门内 651 515 0 6
113 广渠门外 683 515 0 6
114 双井 734 515 1 6,9
115 九龙山 777 515 1 6,11
116 大郊亭 807 515 0 6
117 百子湾 831 515 0 6
118 化工 837 528 0 6
119 南楼梓庄 837 544 0 6
120 欢乐谷景区 837 568 0 6
121 垡头 867 568 0 6
122 双合 891 568 0 6
123 焦化厂 912 568 0 6
124 朱辛庄 435 138 1 7,15
125 育知路 464 138 0 7
126 平西府 500 138 0 7
127 回龙观东大街 519 152 0 7
128 霍营 519 178 1 7,10
129 育新 519 193 0 7
130 西小口 519 204 0 7
131 永泰庄 519 219 0 7
132 林萃桥 532 226 0 7
133 森林公园南门 544 234 0 7
134 奥林匹克公园 544 247 1 7,12
135 奥体中心 544 269 0 7
136 北土城 544 290 1 7,9
137 安华桥 544 310 0 7
138 安德里北街 544 325 0 7
139 什刹海 544 376 0 7
140 郭公庄 265 655 1 8,17
141 丰台科技园 265 634 0 8
142 科怡路 265 615 0 8
143 丰台南路 265 596 0 8
144 丰台东大街 265 579 0 8
145 七里庄 265 552 1 8,11
146 六里桥 285 508 1 8,9
147 六里桥东 302 497 0 8
148 白堆子 321 432 0 8
149 巴沟 255 290 0 9
150 苏州街 280 290 0 9
151 知春里 349 290 0 9
152 知春路 408 290 1 9,10
153 西土城 443 290 0 9
154 牡丹园 475 290 0 9
155 健德门 507 290 0 9
156 安贞门 580 290 0 9
157 芍药居 679 290 1 9,10
158 太阳宫 734 290 0 9
159 三元桥 734 319 1 9,18
160 亮马桥 734 346 0 9
161 农业展览馆 734 369 0 9
162 团结湖 734 391 0 9
163 金台夕照 734 440 0 9
164 劲松 734 527 0 9
165 潘家园 734 540 0 9
166 十里河 734 552 1 9,11
167 分钟寺 734 615 0 9
168 成寿寺 685 615 0 9
169 石榴庄 585 615 0 9
170 大红门 545 615 0 9
171 角门东 514 615 0 9
172 草桥 425 615 0 9
173 纪家庙 389 615 0 9
174 首经贸 348 615 0 9
175 丰台站 285 615 0 9
176 泥洼 285 615 0 9
177 西局 285 552 1 9,11
178 莲花桥 285 482 0 9
179 西钓鱼台 272 430 0 9
180 车道沟 255 371 0 9
181 长春桥 255 344 0 9
182 火器营 255 316 0 9
183 大钟寺 408 327 0 10
184 五道口 408 261 0 10
185 上地 408 235 0 10
186 西二旗 408 178 1 10,15
187 龙泽 437 178 0 0
188 回龙观 471 178 0 0
189 北苑 679 178 0 0
190 望京西 679 246 1 10,12
191 光熙门 679 320 0 10
192 柳芳 679 340 0 10
193 张郭庄 115 552 0 11
194 园博园 139 552 0 11
195 大瓦窑 167 552 0 11
196 郭庄子 194 552 0 11
197 大井 229 552 0 11
198 陶然桥 514 552 0 11
199 永定门外 549 552 0 11
200 景泰 588 552 0 11
201 方庄 676 552 0 11
202 北工大西门 777 552 0 11
203 平乐园 777 533 0 11
204 朝阳公园 777 395 0 11
205 枣营 777 375 0 11
206 东风北桥 777 355 0 11
207 将台 777 339 0 11
208 高家园 777 317 0 11
209 望京南 765 289 0 11
210 阜通 751 268 0 11
211 望京 742 247 1 11,12
212 东湖渠 742 232 0 11
213 来广营 742 215 0 11
214 善各庄 742 194 0 11
215 俸伯 1048 102 0 12
216 顺义 987 102 0 12
217 石门 935 102 0 12
218 南法信 877 102 0 12
219 后沙峪 835 102 0 12
220 花梨坎 835 136 0 12
221 国展 835 158 0 12
222 孙河 835 179 0 12
223 马泉营 835 202 0 12
224 崔各庄 835 247 0 12
225 望京东 798 247 0 12
226 关庄 647 247 0 12
227 安立路 580 247 0 12
228 北沙滩 499 247 0 12
229 六道口 466 247 0 12
230 清华东路西口 430 247 0 12
231 农大南路 292 163 0 12
232 马连洼 292 144 0 13
233 西北旺 292 123 0 13
234 永丰南 292 89 0 13
235 永丰 269 89 0 13
236 屯佃 235 89 0 13
237 稻香湖路 203 89 0 13
238 温阳路 173 89 0 13
239 北安河 136 89 0 13
240 高碑店 878 457 0 14
241 传媒大学 904 457 0 14
242 双桥 933 457 0 14
243 管庄 965 457 0 14
244 八里桥 998 457 0 14
245 通州北苑 1015 473 0 14
246 果园 1027 486 0 14
247 九棵树 1040 498 0 14
248 梨园 1051 510 0 14
249 临河里 1067 523 0 14
250 土桥 1080 538 0 14
251 昌平西山口 202 8 0 15
252 十三陵景区 245 8 0 15
253 昌平 302 40 0 15
254 昌平东关 359 40 0 15
255 北邵洼 435 40 0 15
256 南邵 435 60 0 15
257 沙河高教园 435 80 0 15
258 沙河 435 98 0 15
259 巩华城 435 117 0 15
260 生命科学园 408 158 0 15
261 肖村 618 645 0 16
262 小红门 629 655 0 16
263 旧宫 641 664 0 16
264 亦庄桥 654 678 0 16
265 亦庄文化园 666 689 0 16
266 万源街 678 700 0 16
267 荣京东街 691 714 0 16
268 荣昌东街 704 725 0 16
269 同济南路 732 725 0 16
270 经海路 760 725 0 16
271 次渠南 790 725 0 16
272 次渠 820 725 0 16
273 亦庄火车站 850 725 0 16
274 大葆台 247 674 0 17
275 稻田 232 690 0 17
276 长阳 218 704 0 17
277 篱笆房 203 721 0 17
278 广阳城 188 734 0 17
279 良乡大学城北 174 748 0 17
280 良乡大学城 158 767 0 17
281 良乡大学城西 126 767 0 17
282 良乡南关 89 767 0 17
283 苏庄 44 767 0 17
284 3号航站楼 963 193 0 18
285 2号航站楼 909 193 0 18
286 新宫 480 650 0 19
287 西红门 441 668 0 19
288 高米店北 441 683 0 19
289 高米店南 441 701 0 19
290 枣园 441 716 0 19
291 清源路 441 732 0 19
292 黄村西大街 441 747 0 19
293 黄村火车站 441 763 0 19
294 义和庄 441 778 0 19
295 生物医药基地 441 796 0 19
296 天宫院 441 810 0 19